minValue: 10
minValue: 11
minValue: 12
minValue: 13
minValue: 13
returning : 7
returning : 7
13 10
14 13 12 11 10  9  8  7  7  8  9 10 11 12 13 14
13 12 11 10  9  8  7  6  6  7  8  9 10 11 12 13
12 11 10  9  8  7  6  5  5  6  7  8  9 10 11 12
11 10  9  8  7  6  5  4  4  5  6  7  8  9 10 11 
10  9  8  7  6  5  4  3  3  4  5  6  7  8  9 10
_9  8  7  6  5  4  3  2  2  3  4  5  6  7  8  9
_8  7  6  5  4  3  2  1  1  2  3  4  5  6  7  8
_7  6  5  4  3  2  1  0  0  1  2  3  4  5  6  7 
_7  6  9 10 11 12  1  0  0  1  2  3  4  5  6  7
_8  7  8  9 10 13  2  1  1  2  3  4  5  6  7  8
_9 10 11 12 11 14  3  2  2  3  4  5  6  7  8  9
10 11 12 13 12 14  4  3  3  4  5  6  7  8  9 10 
11 10 13 14 13 13  5  4  4  5  6  7  8  9 10 11
12 11 12 15 14 12 11 10  9  8 7. 8  9 10 11 12
13 12 13 14 15 16 17 18 19 20 21 22 23 24 25 26
14 13 12 15 16 17 18 19 20 21 22 23 24 25 26 27 
possible directions to go: 0 0 1 1
wall save krha hu bro
wall save krha hu bro
q kde kam assign:
minValue: 8
minValue: 9
minValue: 10
minValue: 11
minValue: 12
minValue: 13
minValue: 14
minValue: 14
returning : 8
returning : 8
13 11
14 13 12 11 10  9  8  7  7  8  9 10 11 12 13 14
13 12 11 10  9  8  7  6  6  7  8  9 10 11 12 13
12 11 10  9  8  7  6  5  5  6  7  8  9 10 11 12
11 10  9  8  7  6  5  4  4  5  6  7  8  9 10 11 
10  9  8  7  6  5  4  3  3  4  5  6  7  8  9 10
_9  8  7  6  5  4  3  2  2  3  4  5  6  7  8  9
_8  7  6  5  4  3  2  1  1  2  3  4  5  6  7  8 
_7  6  5  4  3  2  1  0  0  1  2  3  4  5  6  7
_7  6  9 10 11 12  1  0  0  1  2  3  4  5  6  7
_8  7  8  9 10 13  2  1  1  2  3  4  5  6  7  8 
_9 10 11 12 11 14  3  2  2  3  4  5  6  7  8  9
10 11 12 13 12 15  4  3  3  4  5  6  7  8  9 10
11 10 13 14 13 15  5  4  4  5  6  7  8  9 10 11
12 11 12 15 14 14 13 12 11 10  9 8. 9 10 11 12 
13 12 13 14 15 16 17 18 19 20 21 22 23 24 25 26
14 13 12 15 16 17 18 19 20 21 22 23 24 25 26 27 
possible directions to go: 0 0 1 1
wall save krha hu bro
wall save krha hu bro
q kde kam assign:
minValue: 9
minValue: 10
minValue: 11
minValue: 12
minValue: 13
minValue: 14
minValue: 15
minValue: 15
returning : 9
returning : 9
13 12
14 13 12 11 10  9  8  7  7  8  9 10 11 12 13 14
13 12 11 10  9  8  7  6  6  7  8  9 10 11 12 13 
12 11 10  9  8  7  6  5  5  6  7  8  9 10 11 12
11 10  9  8  7  6  5  4  4  5  6  7  8  9 10 11 
10  9  8  7  6  5  4  3  3  4  5  6  7  8  9 10
_9  8  7  6  5  4  3  2  2  3  4  5  6  7  8  9
_8  7  6  5  4  3  2  1  1  2  3  4  5  6  7  8 
_7  6  5  4  3  2  1  0  0  1  2  3  4  5  6  7
_7  6  9 10 11 12  1  0  0  1  2  3  4  5  6  7
_8  7  8  9 10 13  2  1  1  2  3  4  5  6  7  8 
_9 10 11 12 11 14  3  2  2  3  4  5  6  7  8  9
10 11 12 13 12 15  4  3  3  4  5  6  7  8  9 10
11 10 13 14 13 16  5  4  4  5  6  7  8  9 10 11 
12 11 12 15 14 16 15 14 13 12 11 10 9.10 11 12
13 12 13 14 15 16 17 18 19 20 21 22 23 24 25 26
14 13 12 15 16 17 18 19 20 21 22 23 24 25 26 27 
possible directions to go: 0 0 1 1
wall save krha hu bro
wall save krha hu bro
q kde kam assign:
minValue: 10
minValue: 11
minValue: 12
minValue: 13
minValue: 14
minValue: 15
minValue: 16
minValue: 16
returning : 10
returning : 10
13 13
14 13 12 11 10  9  8  7  7  8  9 10 11 12 13 14
13 12 11 10  9  8  7  6  6  7  8  9 10 11 12 13 
12 11 10  9  8  7  6  5  5  6  7  8  9 10 11 12
11 10  9  8  7  6  5  4  4  5  6  7  8  9 10 11
10  9  8  7  6  5  4  3  3  4  5  6  7  8  9 10 
_9  8  7  6  5  4  3  2  2  3  4  5  6  7  8  9
_8  7  6  5  4  3  2  1  1  2  3  4  5  6  7  8
_7  6  5  4  3  2  1  0  0  1  2  3  4  5  6  7 
_7  6  9 10 11 12  1  0  0  1  2  3  4  5  6  7
_8  7  8  9 10 13  2  1  1  2  3  4  5  6  7  8
_9 10 11 12 11 14  3  2  2  3  4  5  6  7  8  9 
10 11 12 13 12 15  4  3  3  4  5  6  7  8  9 10
11 10 13 14 13 16  5  4  4  5  6  7  8  9 10 11
12 11 12 15 14 17 17 16 15 14 13 12 11 10.11 12 
13 12 13 14 15 16 17 18 19 20 21 22 23 24 25 26
14 13 12 15 16 17 18 19 20 21 22 23 24 25 26 27
possible directions to go: 0 0 1 1
wall save krha hu bro
wall save krha hu bro
q kde kam assign:
minValue: 11
minValue: 12
minValue: 13
minValue: 14
minValue: 15
minValue: 16
minValue: 17
minValue: 17
returning : 11
returning : 11
13 14
14 13 12 11 10  9  8  7  7  8  9 10 11 12 13 14
13 12 11 10  9  8  7  6  6  7  8  9 10 11 12 13
12 11 10  9  8  7  6  5  5  6  7  8  9 10 11 12
11 10  9  8  7  6  5  4  4  5  6  7  8  9 10 11
10  9  8  7  6  5  4  3  3  4  5  6  7  8  9 10 
_9  8  7  6  5  4  3  2  2  3  4  5  6  7  8  9
_8  7  6  5  4  3  2  1  1  2  3  4  5  6  7  8
_7  6  5  4  3  2  1  0  0  1  2  3  4  5  6  7 
_7  6  9 10 11 12  1  0  0  1  2  3  4  5  6  7
_8  7  8  9 10 13  2  1  1  2  3  4  5  6  7  8
_9 10 11 12 11 14  3  2  2  3  4  5  6  7  8  9 
10 11 12 13 12 15  4  3  3  4  5  6  7  8  9 10
11 10 13 14 13 16  5  4  4  5  6  7  8  9 10 11
12 11 12 15 14 17 18 18 17 16 15 14 13 12 11.12 
13 12 13 14 15 16 17 18 19 20 21 22 23 24 25 26
14 13 12 15 16 17 18 19 20 21 22 23 24 25 26 27
possible directions to go: 1 0 0 1
wall save krha hu bro
wall save krha hu bro
 false fekt aahe ithe -> ~q Need
returning : 10
returning : 10
12 14
14 13 12 11 10  9  8  7  7  8  9 10 11 12 13 14
13 12 11 10  9  8  7  6  6  7  8  9 10 11 12 13
12 11 10  9  8  7  6  5  5  6  7  8  9 10 11 12
11 10  9  8  7  6  5  4  4  5  6  7  8  9 10 11 
10  9  8  7  6  5  4  3  3  4  5  6  7  8  9 10
_9  8  7  6  5  4  3  2  2  3  4  5  6  7  8  9
_8  7  6  5  4  3  2  1  1  2  3  4  5  6  7  8 
_7  6  5  4  3  2  1  0  0  1  2  3  4  5  6  7
_7  6  9 10 11 12  1  0  0  1  2  3  4  5  6  7
_8  7  8  9 10 13  2  1  1  2  3  4  5  6  7  8
_9 10 11 12 11 14  3  2  2  3  4  5  6  7  8  9 
10 11 12 13 12 15  4  3  3  4  5  6  7  8  9 10
11 10 13 14 13 16  5  4  4  5  6  7  8  9 10.11
12 11 12 15 14 17 18 18 17 16 15 14 13 12 11 12 
13 12 13 14 15 16 17 18 19 20 21 22 23 24 25 26
14 13 12 15 16 17 18 19 20 21 22 23 24 25 26 27
possible directions to go: 0 1 0 1
wall save krha hu bro
wall save krha hu bro
 false fekt aahe ithe -> ~q Need
returning : 9
returning : 9
12 13
14 13 12 11 10  9  8  7  7  8  9 10 11 12 13 14 
13 12 11 10  9  8  7  6  6  7  8  9 10 11 12 13
12 11 10  9  8  7  6  5  5  6  7  8  9 10 11 12
11 10  9  8  7  6  5  4  4  5  6  7  8  9 10 11
10  9  8  7  6  5  4  3  3  4  5  6  7  8  9 10 
_9  8  7  6  5  4  3  2  2  3  4  5  6  7  8  9
_8  7  6  5  4  3  2  1  1  2  3  4  5  6  7  8
_7  6  5  4  3  2  1  0  0  1  2  3  4  5  6  7
_7  6  9 10 11 12  1  0  0  1  2  3  4  5  6  7
_8  7  8  9 10 13  2  1  1  2  3  4  5  6  7  8
_9 10 11 12 11 14  3  2  2  3  4  5  6  7  8  9
10 11 12 13 12 15  4  3  3  4  5  6  7  8  9 10 
11 10 13 14 13 16  5  4  4  5  6  7  8 9.10 11
12 11 12 15 14 17 18 18 17 16 15 14 13 12 11 12
13 12 13 14 15 16 17 18 19 20 21 22 23 24 25 26
14 13 12 15 16 17 18 19 20 21 22 23 24 25 26 27 
possible directions to go: 0 0 1 1
wall save krha hu bro
wall save krha hu bro
 false fekt aahe ithe -> ~q Need
returning : 8
returning : 8
12 12
14 13 12 11 10  9  8  7  7  8  9 10 11 12 13 14
13 12 11 10  9  8  7  6  6  7  8  9 10 11 12 13
12 11 10  9  8  7  6  5  5  6  7  8  9 10 11 12
11 10  9  8  7  6  5  4  4  5  6  7  8  9 10 11 
10  9  8  7  6  5  4  3  3  4  5  6  7  8  9 10
_9  8  7  6  5  4  3  2  2  3  4  5  6  7  8  9
_8  7  6  5  4  3  2  1  1  2  3  4  5  6  7  8
_7  6  5  4  3  2  1  0  0  1  2  3  4  5  6  7 
_7  6  9 10 11 12  1  0  0  1  2  3  4  5  6  7
_8  7  8  9 10 13  2  1  1  2  3  4  5  6  7  8
_9 10 11 12 11 14  3  2  2  3  4  5  6  7  8  9 
10 11 12 13 12 15  4  3  3  4  5  6  7  8  9 10
11 10 13 14 13 16  5  4  4  5  6  7 8. 9 10 11
12 11 12 15 14 17 18 18 17 16 15 14 13 12 11 12 
13 12 13 14 15 16 17 18 19 20 21 22 23 24 25 26
14 13 12 15 16 17 18 19 20 21 22 23 24 25 26 27
possible directions to go: 0 0 1 1
wall save krha hu bro
wall save krha hu bro
 false fekt aahe ithe -> ~q Need
returning : 7
returning : 7
12 11
14 13 12 11 10  9  8  7  7  8  9 10 11 12 13 14
13 12 11 10  9  8  7  6  6  7  8  9 10 11 12 13
12 11 10  9  8  7  6  5  5  6  7  8  9 10 11 12
11 10  9  8  7  6  5  4  4  5  6  7  8  9 10 11 
10  9  8  7  6  5  4  3  3  4  5  6  7  8  9 10
_9  8  7  6  5  4  3  2  2  3  4  5  6  7  8  9
_8  7  6  5  4  3  2  1  1  2  3  4  5  6  7  8
_7  6  5  4  3  2  1  0  0  1  2  3  4  5  6  7 
_7  6  9 10 11 12  1  0  0  1  2  3  4  5  6  7
_8  7  8  9 10 13  2  1  1  2  3  4  5  6  7  8
_9 10 11 12 11 14  3  2  2  3  4  5  6  7  8  9 
10 11 12 13 12 15  4  3  3  4  5  6  7  8  9 10
11 10 13 14 13 16  5  4  4  5  6 7. 8  9 10 11
12 11 12 15 14 17 18 18 17 16 15 14 13 12 11 12 
13 12 13 14 15 16 17 18 19 20 21 22 23 24 25 26
14 13 12 15 16 17 18 19 20 21 22 23 24 25 26 27
possible directions to go: 0 0 1 1
wall save krha hu bro
wall save krha hu bro
 false fekt aahe ithe -> ~q Need
returning : 6
returning : 6
12 10
14 13 12 11 10  9  8  7  7  8  9 10 11 12 13 14 
13 12 11 10  9  8  7  6  6  7  8  9 10 11 12 13
12 11 10  9  8  7  6  5  5  6  7  8  9 10 11 12
11 10  9  8  7  6  5  4  4  5  6  7  8  9 10 11 
10  9  8  7  6  5  4  3  3  4  5  6  7  8  9 10
_9  8  7  6  5  4  3  2  2  3  4  5  6  7  8  9
_8  7  6  5  4  3  2  1  1  2  3  4  5  6  7  8
_7  6  5  4  3  2  1  0  0  1  2  3  4  5  6  7 
_7  6  9 10 11 12  1  0  0  1  2  3  4  5  6  7
_8  7  8  9 10 13  2  1  1  2  3  4  5  6  7  8 
_9 10 11 12 11 14  3  2  2  3  4  5  6  7  8  9
10 11 12 13 12 15  4  3  3  4  5  6  7  8  9 10
11 10 13 14 13 16  5  4  4  5 6. 7  8  9 10 11 
12 11 12 15 14 17 18 18 17 16 15 14 13 12 11 12
13 12 13 14 15 16 17 18 19 20 21 22 23 24 25 26
14 13 12 15 16 17 18 19 20 21 22 23 24 25 26 27
possible directions to go: 0 0 1 1
wall save krha hu bro
wall save krha hu bro
 false fekt aahe ithe -> ~q Need
returning : 5
returning : 5
12 9
14 13 12 11 10  9  8  7  7  8  9 10 11 12 13 14
13 12 11 10  9  8  7  6  6  7  8  9 10 11 12 13
12 11 10  9  8  7  6  5  5  6  7  8  9 10 11 12 
11 10  9  8  7  6  5  4  4  5  6  7  8  9 10 11
10  9  8  7  6  5  4  3  3  4  5  6  7  8  9 10
_9  8  7  6  5  4  3  2  2  3  4  5  6  7  8  9
_8  7  6  5  4  3  2  1  1  2  3  4  5  6  7  8 
_7  6  5  4  3  2  1  0  0  1  2  3  4  5  6  7
_7  6  9 10 11 12  1  0  0  1  2  3  4  5  6  7
_8  7  8  9 10 13  2  1  1  2  3  4  5  6  7  8 
_9 10 11 12 11 14  3  2  2  3  4  5  6  7  8  9
10 11 12 13 12 15  4  3  3  4  5  6  7  8  9 10
11 10 13 14 13 16  5  4  4 5. 6  7  8  9 10 11
12 11 12 15 14 17 18 18 17 16 15 14 13 12 11 12
13 12 13 14 15 16 17 18 19 20 21 22 23 24 25 26 
14 13 12 15 16 17 18 19 20 21 22 23 24 25 26 27
possible directions to go: 0 0 1 1
wall save krha hu bro
wall save krha hu bro
 false fekt aahe ithe -> ~q Need
returning : 4
returning : 4
12 8
14 13 12 11 10  9  8  7  7  8  9 10 11 12 13 14
13 12 11 10  9  8  7  6  6  7  8  9 10 11 12 13
12 11 10  9  8  7  6  5  5  6  7  8  9 10 11 12 
11 10  9  8  7  6  5  4  4  5  6  7  8  9 10 11
10  9  8  7  6  5  4  3  3  4  5  6  7  8  9 10
_9  8  7  6  5  4  3  2  2  3  4  5  6  7  8  9 
_8  7  6  5  4  3  2  1  1  2  3  4  5  6  7  8
_7  6  5  4  3  2  1  0  0  1  2  3  4  5  6  7
_7  6  9 10 11 12  1  0  0  1  2  3  4  5  6  7
_8  7  8  9 10 13  2  1  1  2  3  4  5  6  7  8
_9 10 11 12 11 14  3  2  2  3  4  5  6  7  8  9 
10 11 12 13 12 15  4  3  3  4  5  6  7  8  9 10
11 10 13 14 13 16  5  4 4. 5  6  7  8  9 10 11
12 11 12 15 14 17 18 18 17 16 15 14 13 12 11 12 
13 12 13 14 15 16 17 18 19 20 21 22 23 24 25 26
14 13 12 15 16 17 18 19 20 21 22 23 24 25 26 27
possible directions to go: 0 0 1 1
wall save krha hu bro
wall save krha hu bro
 false fekt aahe ithe -> ~q Need
returning : 4
returning : 4
12 7
14 13 12 11 10  9  8  7  7  8  9 10 11 12 13 14
13 12 11 10  9  8  7  6  6  7  8  9 10 11 12 13 
12 11 10  9  8  7  6  5  5  6  7  8  9 10 11 12
11 10  9  8  7  6  5  4  4  5  6  7  8  9 10 11
10  9  8  7  6  5  4  3  3  4  5  6  7  8  9 10
_9  8  7  6  5  4  3  2  2  3  4  5  6  7  8  9 
_8  7  6  5  4  3  2  1  1  2  3  4  5  6  7  8
_7  6  5  4  3  2  1  0  0  1  2  3  4  5  6  7
_7  6  9 10 11 12  1  0  0  1  2  3  4  5  6  7
_8  7  8  9 10 13  2  1  1  2  3  4  5  6  7  8 
_9 10 11 12 11 14  3  2  2  3  4  5  6  7  8  9
10 11 12 13 12 15  4  3  3  4  5  6  7  8  9 10
11 10 13 14 13 16  5 4. 5  5  6  7  8  9 10 11 
12 11 12 15 14 17 18 18 17 16 15 14 13 12 11 12
13 12 13 14 15 16 17 18 19 20 21 22 23 24 25 26
14 13 12 15 16 17 18 19 20 21 22 23 24 25 26 27
possible directions to go: 0 0 1 1
wall save krha hu bro
wall save krha hu bro
q kde kam assign:
minValue: 5
minValue: 5
minValue: 6
minValue: 7
minValue: 6
minValue: 8
minValue: 7
minValue: 9
minValue: 8
minValue: 10
minValue: 9
minValue: 11
minValue: 10
minValue: 12
minValue: 11
minValue: 12
minValue: 13
minValue: 13
minValue: 14
minValue: 14
minValue: 15
minValue: 15
minValue: 16
minValue: 16
minValue: 17
minValue: 17
minValue: 18
minValue: 18
minValue: 18
minValue: 19
returning : 5
returning : 5
12 6
14 13 12 11 10  9  8  7  7  8  9 10 11 12 13 14 
13 12 11 10  9  8  7  6  6  7  8  9 10 11 12 13
12 11 10  9  8  7  6  5  5  6  7  8  9 10 11 12
11 10  9  8  7  6  5  4  4  5  6  7  8  9 10 11 
10  9  8  7  6  5  4  3  3  4  5  6  7  8  9 10
_9  8  7  6  5  4  3  2  2  3  4  5  6  7  8  9
_8  7  6  5  4  3  2  1  1  2  3  4  5  6  7  8
_7  6  5  4  3  2  1  0  0  1  2  3  4  5  6  7 
_7  6  9 10 11 12  1  0  0  1  2  3  4  5  6  7
_8  7  8  9 10 13  2  1  1  2  3  4  5  6  7  8
_9 10 11 12 11 14  3  2  2  3  4  5  6  7  8  9 
10 11 12 13 12 15  4  3  3  4  5  6  7  8  9 10
11 10 13 14 13 16 5. 6  7  8  9 10 11 12 13 11
12 11 12 15 14 17 18 19 20 19 18 17 16 15 14 12
13 12 13 14 15 16 17 18 19 20 21 22 23 24 25 26
14 13 12 15 16 17 18 19 20 21 22 23 24 25 26 27 
possible directions to go: 1 0 1 0
wall save krha hu bro
wall save krha hu bro
 false fekt aahe ithe -> ~q Need
returning : 4
returning : 4
11 6
14 13 12 11 10  9  8  7  7  8  9 10 11 12 13 14 
13 12 11 10  9  8  7  6  6  7  8  9 10 11 12 13
12 11 10  9  8  7  6  5  5  6  7  8  9 10 11 12
11 10  9  8  7  6  5  4  4  5  6  7  8  9 10 11 
10  9  8  7  6  5  4  3  3  4  5  6  7  8  9 10
_9  8  7  6  5  4  3  2  2  3  4  5  6  7  8  9
_8  7  6  5  4  3  2  1  1  2  3  4  5  6  7  8 
_7  6  5  4  3  2  1  0  0  1  2  3  4  5  6  7
_7  6  9 10 11 12  1  0  0  1  2  3  4  5  6  7
_8  7  8  9 10 13  2  1  1  2  3  4  5  6  7  8 
_9 10 11 12 11 14  3  2  2  3  4  5  6  7  8  9
10 11 12 13 12 15 4. 3  3  4  5  6  7  8  9 10
11 10 13 14 13 16  5  6  7  8  9 10 11 12 13 11 
12 11 12 15 14 17 18 19 20 19 18 17 16 15 14 12
13 12 13 14 15 16 17 18 19 20 21 22 23 24 25 26
14 13 12 15 16 17 18 19 20 21 22 23 24 25 26 27 
possible directions to go: 0 1 1 0
wall save krha hu bro
wall save krha hu bro
 false fekt aahe ithe -> ~q Need
returning : 3
returning : 3
11 7
14 13 12 11 10  9  8  7  7  8  9 10 11 12 13 14
13 12 11 10  9  8  7  6  6  7  8  9 10 11 12 13 
12 11 10  9  8  7  6  5  5  6  7  8  9 10 11 12
11 10  9  8  7  6  5  4  4  5  6  7  8  9 10 11
10  9  8  7  6  5  4  3  3  4  5  6  7  8  9 10
_9  8  7  6  5  4  3  2  2  3  4  5  6  7  8  9 
_8  7  6  5  4  3  2  1  1  2  3  4  5  6  7  8
_7  6  5  4  3  2  1  0  0  1  2  3  4  5  6  7
_7  6  9 10 11 12  1  0  0  1  2  3  4  5  6  7 
_8  7  8  9 10 13  2  1  1  2  3  4  5  6  7  8
_9 10 11 12 11 14  3  2  2  3  4  5  6  7  8  9
10 11 12 13 12 15  4 3. 3  4  5  6  7  8  9 10 
11 10 13 14 13 16  5  6  7  8  9 10 11 12 13 11
12 11 12 15 14 17 18 19 20 19 18 17 16 15 14 12
13 12 13 14 15 16 17 18 19 20 21 22 23 24 25 26 
14 13 12 15 16 17 18 19 20 21 22 23 24 25 26 27
possible directions to go: 0 0 1 1
wall save krha hu bro
wall save krha hu bro
 false fekt aahe ithe -> ~q Need
returning : 3
returning : 3
11 8
14 13 12 11 10  9  8  7  7  8  9 10 11 12 13 14
13 12 11 10  9  8  7  6  6  7  8  9 10 11 12 13
12 11 10  9  8  7  6  5  5  6  7  8  9 10 11 12
11 10  9  8  7  6  5  4  4  5  6  7  8  9 10 11 
10  9  8  7  6  5  4  3  3  4  5  6  7  8  9 10
_9  8  7  6  5  4  3  2  2  3  4  5  6  7  8  9
_8  7  6  5  4  3  2  1  1  2  3  4  5  6  7  8 
_7  6  5  4  3  2  1  0  0  1  2  3  4  5  6  7
_7  6  9 10 11 12  1  0  0  1  2  3  4  5  6  7
_8  7  8  9 10 13  2  1  1  2  3  4  5  6  7  8 
_9 10 11 12 11 14  3  2  2  3  4  5  6  7  8  9
10 11 12 13 12 15  4  4 3. 4  5  6  7  8  9 10
11 10 13 14 13 16  5  6  7  8  9 10 11 12 13 11 
12 11 12 15 14 17 18 19 20 19 18 17 16 15 14 12
13 12 13 14 15 16 17 18 19 20 21 22 23 24 25 26
14 13 12 15 16 17 18 19 20 21 22 23 24 25 26 27 
possible directions to go: 0 0 1 1
wall save krha hu bro
wall save krha hu bro
q kde kam assign:
minValue: 4
minValue: 4
minValue: 5
minValue: 6
minValue: 5
minValue: 6
minValue: 7
minValue: 7
minValue: 8
minValue: 8
minValue: 9
minValue: 9
minValue: 10
minValue: 10
minValue: 11
minValue: 11
minValue: 12
minValue: 12
minValue: 13
minValue: 13
minValue: 14
minValue: 14
minValue: 15
minValue: 15
minValue: 16
minValue: 16
minValue: 17
minValue: 17
minValue: 18
minValue: 18
minValue: 19
minValue: 19
minValue: 20
minValue: 20
returning : 4
returning : 4
11 9
14 13 12 11 10  9  8  7  7  8  9 10 11 12 13 14
13 12 11 10  9  8  7  6  6  7  8  9 10 11 12 13 
12 11 10  9  8  7  6  5  5  6  7  8  9 10 11 12
11 10  9  8  7  6  5  4  4  5  6  7  8  9 10 11
10  9  8  7  6  5  4  3  3  4  5  6  7  8  9 10
_9  8  7  6  5  4  3  2  2  3  4  5  6  7  8  9 
_8  7  6  5  4  3  2  1  1  2  3  4  5  6  7  8
_7  6  5  4  3  2  1  0  0  1  2  3  4  5  6  7 
_7  6  9 10 11 12  1  0  0  1  2  3  4  5  6  7
_8  7  8  9 10 13  2  1  1  2  3  4  5  6  7  8
_9 10 11 12 11 14  3  2  2  3  4  5  6  7  8  9 
10 11 12 13 12 15  7  6  5 4. 5  6  7  8  9 10
11 10 13 14 13 16  8  9 10 11 12 13 14 15 16 11
12 11 12 15 14 17 18 19 20 21 21 20 19 18 17 12 
13 12 13 14 15 16 17 18 19 20 21 22 23 24 25 26
14 13 12 15 16 17 18 19 20 21 22 23 24 25 26 27
possible directions to go: 0 0 1 1
wall save krha hu bro
wall save krha hu bro
q kde kam assign:
minValue: 5
minValue: 6
minValue: 7
minValue: 8
minValue: 9
minValue: 10
minValue: 11
minValue: 12
minValue: 13
minValue: 14
minValue: 15
minValue: 16
minValue: 17
minValue: 18
minValue: 19
minValue: 20
minValue: 21
minValue: 21
returning : 5
returning : 5
11 10
14 13 12 11 10  9  8  7  7  8  9 10 11 12 13 14 
13 12 11 10  9  8  7  6  6  7  8  9 10 11 12 13
12 11 10  9  8  7  6  5  5  6  7  8  9 10 11 12
11 10  9  8  7  6  5  4  4  5  6  7  8  9 10 11 
10  9  8  7  6  5  4  3  3  4  5  6  7  8  9 10
_9  8  7  6  5  4  3  2  2  3  4  5  6  7  8  9
_8  7  6  5  4  3  2  1  1  2  3  4  5  6  7  8 
_7  6  5  4  3  2  1  0  0  1  2  3  4  5  6  7
_7  6  9 10 11 12  1  0  0  1  2  3  4  5  6  7
_8  7  8  9 10 13  2  1  1  2  3  4  5  6  7  8 
_9 10 11 12 11 14  3  2  2  3  4  5  6  7  8  9
10 11 12 13 12 15  9  8  7  6 5. 6  7  8  9 10
11 10 13 14 13 16 10 11 12 13 14 15 16 17 18 11 
12 11 12 15 14 17 18 19 20 21 22 22 21 20 19 12
13 12 13 14 15 16 17 18 19 20 21 22 23 24 25 26
14 13 12 15 16 17 18 19 20 21 22 23 24 25 26 27 
possible directions to go: 0 0 1 1
wall save krha hu bro
wall save krha hu bro
q kde kam assign:
minValue: 6
minValue: 7
minValue: 8
minValue: 9
minValue: 10
minValue: 11
minValue: 12
minValue: 13
minValue: 14
minValue: 15
minValue: 16
minValue: 17
minValue: 18
minValue: 19
minValue: 20
minValue: 21
minValue: 22
minValue: 22
returning : 6
returning : 6
11 11
14 13 12 11 10  9  8  7  7  8  9 10 11 12 13 14
13 12 11 10  9  8  7  6  6  7  8  9 10 11 12 13
12 11 10  9  8  7  6  5  5  6  7  8  9 10 11 12 
11 10  9  8  7  6  5  4  4  5  6  7  8  9 10 11
10  9  8  7  6  5  4  3  3  4  5  6  7  8  9 10
_9  8  7  6  5  4  3  2  2  3  4  5  6  7  8  9 
_8  7  6  5  4  3  2  1  1  2  3  4  5  6  7  8
_7  6  5  4  3  2  1  0  0  1  2  3  4  5  6  7 
_7  6  9 10 11 12  1  0  0  1  2  3  4  5  6  7 
_8  7  8  9 10 13  2  1  1  2  3  4  5  6  7  8
_9 10 11 12 11 14  3  2  2  3  4  5  6  7  8  9
10 11 12 13 12 15 11 10  9  8  7 6. 7  8  9 10
11 10 13 14 13 16 12 13 14 15 16 17 18 19 20 11 
12 11 12 15 14 17 18 19 20 21 22 23 23 22 21 12
13 12 13 14 15 16 17 18 19 20 21 22 23 24 25 26
14 13 12 15 16 17 18 19 20 21 22 23 24 25 26 27 
possible directions to go: 0 0 1 1
wall save krha hu bro
wall save krha hu bro
q kde kam assign:
minValue: 7
minValue: 8
minValue: 9
minValue: 10
minValue: 11
minValue: 12
minValue: 13
minValue: 14
minValue: 15
minValue: 16
minValue: 17
minValue: 18
minValue: 19
minValue: 20
minValue: 21
minValue: 22
minValue: 23
minValue: 23
returning : 7
returning : 7
11 12
14 13 12 11 10  9  8  7  7  8  9 10 11 12 13 14 
13 12 11 10  9  8  7  6  6  7  8  9 10 11 12 13
12 11 10  9  8  7  6  5  5  6  7  8  9 10 11 12 
11 10  9  8  7  6  5  4  4  5  6  7  8  9 10 11
10  9  8  7  6  5  4  3  3  4  5  6  7  8  9 10
_9  8  7  6  5  4  3  2  2  3  4  5  6  7  8  9 
_8  7  6  5  4  3  2  1  1  2  3  4  5  6  7  8
_7  6  5  4  3  2  1  0  0  1  2  3  4  5  6  7
_7  6  9 10 11 12  1  0  0  1  2  3  4  5  6  7 
_8  7  8  9 10 13  2  1  1  2  3  4  5  6  7  8
_9 10 11 12 11 14  3  2  2  3  4  5  6  7  8  9 
10 11 12 13 12 15 13 12 11 10  9  8 7. 8  9 10
11 10 13 14 13 16 14 15 16 17 18 19 20 21 22 11
12 11 12 15 14 17 18 19 20 21 22 23 24 24 23 12 
13 12 13 14 15 16 17 18 19 20 21 22 23 24 25 26
14 13 12 15 16 17 18 19 20 21 22 23 24 25 26 27 
possible directions to go: 0 0 1 1
wall save krha hu bro
wall save krha hu bro
q kde kam assign:
minValue: 8
minValue: 9
minValue: 10
minValue: 11
minValue: 12
minValue: 13
minValue: 14
minValue: 15
minValue: 16
minValue: 17
minValue: 18
minValue: 19
minValue: 20
minValue: 21
minValue: 22
minValue: 23
minValue: 24
minValue: 24
returning : 8
returning : 8
11 13
14 13 12 11 10  9  8  7  7  8  9 10 11 12 13 14 
13 12 11 10  9  8  7  6  6  7  8  9 10 11 12 13
12 11 10  9  8  7  6  5  5  6  7  8  9 10 11 12
11 10  9  8  7  6  5  4  4  5  6  7  8  9 10 11 
10  9  8  7  6  5  4  3  3  4  5  6  7  8  9 10
_9  8  7  6  5  4  3  2  2  3  4  5  6  7  8  9
_8  7  6  5  4  3  2  1  1  2  3  4  5  6  7  8 
_7  6  5  4  3  2  1  0  0  1  2  3  4  5  6  7
_7  6  9 10 11 12  1  0  0  1  2  3  4  5  6  7
_8  7  8  9 10 13  2  1  1  2  3  4  5  6  7  8 
_9 10 11 12 11 14  3  2  2  3  4  5  6  7  8  9
10 11 12 13 12 15 15 14 13 12 11 10  9 8. 9 10
11 10 13 14 13 16 16 17 18 19 20 21 22 23 24 11 
12 11 12 15 14 17 18 19 20 21 22 23 24 25 25 12
13 12 13 14 15 16 17 18 19 20 21 22 23 24 25 26
14 13 12 15 16 17 18 19 20 21 22 23 24 25 26 27 
possible directions to go: 0 0 1 1 
wall save krha hu bro
wall save krha hu bro
q kde kam assign:
minValue: 9
minValue: 10
minValue: 11
minValue: 12
minValue: 13
minValue: 14
minValue: 15
minValue: 16
minValue: 17
minValue: 18
minValue: 19
minValue: 20
minValue: 21
minValue: 22
minValue: 23
minValue: 24
minValue: 25
minValue: 25
returning : 9
returning : 9
11 14
14 13 12 11 10  9  8  7  7  8  9 10 11 12 13 14
13 12 11 10  9  8  7  6  6  7  8  9 10 11 12 13 
12 11 10  9  8  7  6  5  5  6  7  8  9 10 11 12
11 10  9  8  7  6  5  4  4  5  6  7  8  9 10 11
10  9  8  7  6  5  4  3  3  4  5  6  7  8  9 10 
_9  8  7  6  5  4  3  2  2  3  4  5  6  7  8  9
_8  7  6  5  4  3  2  1  1  2  3  4  5  6  7  8
_7  6  5  4  3  2  1  0  0  1  2  3  4  5  6  7
_7  6  9 10 11 12  1  0  0  1  2  3  4  5  6  7 
_8  7  8  9 10 13  2  1  1  2  3  4  5  6  7  8
_9 10 11 12 11 14  3  2  2  3  4  5  6  7  8  9 
10 11 12 13 12 15 17 16 15 14 13 12 11 10 9.10
11 10 13 14 13 16 18 19 20 21 22 23 24 25 26 11
12 11 12 15 14 17 18 19 20 21 22 23 24 25 26 12 
13 12 13 14 15 16 17 18 19 20 21 22 23 24 25 26
14 13 12 15 16 17 18 19 20 21 22 23 24 25 26 27
possible directions to go: 1 0 1 0
wall save krha hu bro
wall save krha hu bro
 false fekt aahe ithe -> ~q Need
returning : 8
returning : 8
10 14
14 13 12 11 10  9  8  7  7  8  9 10 11 12 13 14
13 12 11 10  9  8  7  6  6  7  8  9 10 11 12 13
12 11 10  9  8  7  6  5  5  6  7  8  9 10 11 12 
11 10  9  8  7  6  5  4  4  5  6  7  8  9 10 11
10  9  8  7  6  5  4  3  3  4  5  6  7  8  9 10
_9  8  7  6  5  4  3  2  2  3  4  5  6  7  8  9 
_8  7  6  5  4  3  2  1  1  2  3  4  5  6  7  8
_7  6  5  4  3  2  1  0  0  1  2  3  4  5  6  7
_7  6  9 10 11 12  1  0  0  1  2  3  4  5  6  7 
_8  7  8  9 10 13  2  1  1  2  3  4  5  6  7  8
_9 10 11 12 11 14  3  2  2  3  4  5  6  7 8. 9
10 11 12 13 12 15 17 16 15 14 13 12 11 10  9 10 
11 10 13 14 13 16 18 19 20 21 22 23 24 25 26 11
12 11 12 15 14 17 18 19 20 21 22 23 24 25 26 12
13 12 13 14 15 16 17 18 19 20 21 22 23 24 25 26
14 13 12 15 16 17 18 19 20 21 22 23 24 25 26 27 
possible directions to go: 1 1 0 1
wall save krha hu bro
 false fekt aahe ithe -> ~q Need
returning : 7
returning : 7
10 13
14 13 12 11 10  9  8  7  7  8  9 10 11 12 13 14
13 12 11 10  9  8  7  6  6  7  8  9 10 11 12 13
12 11 10  9  8  7  6  5  5  6  7  8  9 10 11 12
11 10  9  8  7  6  5  4  4  5  6  7  8  9 10 11
10  9  8  7  6  5  4  3  3  4  5  6  7  8  9 10
_9  8  7  6  5  4  3  2  2  3  4  5  6  7  8  9
_8  7  6  5  4  3  2  1  1  2  3  4  5  6  7  8 
_7  6  5  4  3  2  1  0  0  1  2  3  4  5  6  7 
_7  6  9 10 11 12  1  0  0  1  2  3  4  5  6  7
_8  7  8  9 10 13  2  1  1  2  3  4  5  6  7  8
_9 10 11 12 11 14  3  2  2  3  4  5  6 7. 8  9 
10 11 12 13 12 15 17 16 15 14 13 12 11 10  9 10 
11 10 13 14 13 16 18 19 20 21 22 23 24 25 26 11
12 11 12 15 14 17 18 19 20 21 22 23 24 25 26 12
13 12 13 14 15 16 17 18 19 20 21 22 23 24 25 26 
14 13 12 15 16 17 18 19 20 21 22 23 24 25 26 27
possible directions to go: 0 0 1 1 
wall save krha hu bro
wall save krha hu bro
 false fekt aahe ithe -> ~q Need
returning : 6
returning : 6
10 12
14 13 12 11 10  9  8  7  7  8  9 10 11 12 13 14
13 12 11 10  9  8  7  6  6  7  8  9 10 11 12 13
12 11 10  9  8  7  6  5  5  6  7  8  9 10 11 12 
11 10  9  8  7  6  5  4  4  5  6  7  8  9 10 11
10  9  8  7  6  5  4  3  3  4  5  6  7  8  9 10
_9  8  7  6  5  4  3  2  2  3  4  5  6  7  8  9
_8  7  6  5  4  3  2  1  1  2  3  4  5  6  7  8 
_7  6  5  4  3  2  1  0  0  1  2  3  4  5  6  7
_7  6  9 10 11 12  1  0  0  1  2  3  4  5  6  7
_8  7  8  9 10 13  2  1  1  2  3  4  5  6  7  8 
_9 10 11 12 11 14  3  2  2  3  4  5 6. 7  8  9
10 11 12 13 12 15 17 16 15 14 13 12 11 10  9 10
11 10 13 14 13 16 18 19 20 21 22 23 24 25 26 11 
12 11 12 15 14 17 18 19 20 21 22 23 24 25 26 12
13 12 13 14 15 16 17 18 19 20 21 22 23 24 25 26
14 13 12 15 16 17 18 19 20 21 22 23 24 25 26 27 
possible directions to go: 1 0 1 0
wall save krha hu bro
wall save krha hu bro
 false fekt aahe ithe -> ~q Need
returning : 5
returning : 5
9 12
14 13 12 11 10  9  8  7  7  8  9 10 11 12 13 14
13 12 11 10  9  8  7  6  6  7  8  9 10 11 12 13
12 11 10  9  8  7  6  5  5  6  7  8  9 10 11 12
11 10  9  8  7  6  5  4  4  5  6  7  8  9 10 11
10  9  8  7  6  5  4  3  3  4  5  6  7  8  9 10
_9  8  7  6  5  4  3  2  2  3  4  5  6  7  8  9 
_8  7  6  5  4  3  2  1  1  2  3  4  5  6  7  8
_7  6  5  4  3  2  1  0  0  1  2  3  4  5  6  7
_7  6  9 10 11 12  1  0  0  1  2  3  4  5  6  7
_8  7  8  9 10 13  2  1  1  2  3  4 5. 6  7  8
_9 10 11 12 11 14  3  2  2  3  4  5  6  7  8  9 
10 11 12 13 12 15 17 16 15 14 13 12 11 10  9 10
11 10 13 14 13 16 18 19 20 21 22 23 24 25 26 11
12 11 12 15 14 17 18 19 20 21 22 23 24 25 26 12
13 12 13 14 15 16 17 18 19 20 21 22 23 24 25 26 
14 13 12 15 16 17 18 19 20 21 22 23 24 25 26 27
possible directions to go: 1 1 1 1
 false fekt aahe ithe -> ~q Need
returning : 4
returning : 4
9 11
14 13 12 11 10  9  8  7  7  8  9 10 11 12 13 14
13 12 11 10  9  8  7  6  6  7  8  9 10 11 12 13
12 11 10  9  8  7  6  5  5  6  7  8  9 10 11 12
11 10  9  8  7  6  5  4  4  5  6  7  8  9 10 11
10  9  8  7  6  5  4  3  3  4  5  6  7  8  9 10
_9  8  7  6  5  4  3  2  2  3  4  5  6  7  8  9
_8  7  6  5  4  3  2  1  1  2  3  4  5  6  7  8 
_7  6  5  4  3  2  1  0  0  1  2  3  4  5  6  7
_7  6  9 10 11 12  1  0  0  1  2  3  4  5  6  7
_8  7  8  9 10 13  2  1  1  2  3 4. 5  6  7  8 
_9 10 11 12 11 14  3  2  2  3  4  5  6  7  8  9
10 11 12 13 12 15 17 16 15 14 13 12 11 10  9 10
11 10 13 14 13 16 18 19 20 21 22 23 24 25 26 11
12 11 12 15 14 17 18 19 20 21 22 23 24 25 26 12 
13 12 13 14 15 16 17 18 19 20 21 22 23 24 25 26
14 13 12 15 16 17 18 19 20 21 22 23 24 25 26 27
possible directions to go: 0 1 1 1 
wall save krha hu bro
 false fekt aahe ithe -> ~q Need
returning : 3
returning : 3
9 10
14 13 12 11 10  9  8  7  7  8  9 10 11 12 13 14
13 12 11 10  9  8  7  6  6  7  8  9 10 11 12 13
12 11 10  9  8  7  6  5  5  6  7  8  9 10 11 12 
11 10  9  8  7  6  5  4  4  5  6  7  8  9 10 11
10  9  8  7  6  5  4  3  3  4  5  6  7  8  9 10
_9  8  7  6  5  4  3  2  2  3  4  5  6  7  8  9
_8  7  6  5  4  3  2  1  1  2  3  4  5  6  7  8
_7  6  5  4  3  2  1  0  0  1  2  3  4  5  6  7 
_7  6  9 10 11 12  1  0  0  1  2  3  4  5  6  7
_8  7  8  9 10 13  2  1  1  2 3. 4  5  6  7  8
_9 10 11 12 11 14  3  2  2  3  4  5  6  7  8  9
10 11 12 13 12 15 17 16 15 14 13 12 11 10  9 10 
11 10 13 14 13 16 18 19 20 21 22 23 24 25 26 11
12 11 12 15 14 17 18 19 20 21 22 23 24 25 26 12
13 12 13 14 15 16 17 18 19 20 21 22 23 24 25 26
14 13 12 15 16 17 18 19 20 21 22 23 24 25 26 27 
possible directions to go: 1 0 1 0
wall save krha hu bro
wall save krha hu bro
 false fekt aahe ithe -> ~q Need
returning : 2
returning : 2
8 10
14 13 12 11 10  9  8  7  7  8  9 10 11 12 13 14
13 12 11 10  9  8  7  6  6  7  8  9 10 11 12 13
12 11 10  9  8  7  6  5  5  6  7  8  9 10 11 12
11 10  9  8  7  6  5  4  4  5  6  7  8  9 10 11
10  9  8  7  6  5  4  3  3  4  5  6  7  8  9 10 
_9  8  7  6  5  4  3  2  2  3  4  5  6  7  8  9
_8  7  6  5  4  3  2  1  1  2  3  4  5  6  7  8
_7  6  5  4  3  2  1  0  0  1  2  3  4  5  6  7
_7  6  9 10 11 12  1  0  0  1 2. 3  4  5  6  7
_8  7  8  9 10 13  2  1  1  2  3  4  5  6  7  8 
_9 10 11 12 11 14  3  2  2  3  4  5  6  7  8  9
10 11 12 13 12 15 17 16 15 14 13 12 11 10  9 10
11 10 13 14 13 16 18 19 20 21 22 23 24 25 26 11
12 11 12 15 14 17 18 19 20 21 22 23 24 25 26 12 
13 12 13 14 15 16 17 18 19 20 21 22 23 24 25 26
14 13 12 15 16 17 18 19 20 21 22 23 24 25 26 27
possible directions to go: 0 1 1 1
wall save krha hu bro
 false fekt aahe ithe -> ~q Need
returning : 1
returning : 1
8 9
14 13 12 11 10  9  8  7  7  8  9 10 11 12 13 14
13 12 11 10  9  8  7  6  6  7  8  9 10 11 12 13
12 11 10  9  8  7  6  5  5  6  7  8  9 10 11 12
11 10  9  8  7  6  5  4  4  5  6  7  8  9 10 11
10  9  8  7  6  5  4  3  3  4  5  6  7  8  9 10
_9  8  7  6  5  4  3  2  2  3  4  5  6  7  8  9 
_8  7  6  5  4  3  2  1  1  2  3  4  5  6  7  8
_7  6  5  4  3  2  1  0  0  1  2  3  4  5  6  7
_7  6  9 10 11 12  1  0  0 1. 2  3  4  5  6  7
_8  7  8  9 10 13  2  1  1  2  3  4  5  6  7  8
_9 10 11 12 11 14  3  2  2  3  4  5  6  7  8  9 
10 11 12 13 12 15 17 16 15 14 13 12 11 10  9 10
11 10 13 14 13 16 18 19 20 21 22 23 24 25 26 11
12 11 12 15 14 17 18 19 20 21 22 23 24 25 26 12
13 12 13 14 15 16 17 18 19 20 21 22 23 24 25 26
14 13 12 15 16 17 18 19 20 21 22 23 24 25 26 27
possible directions to go: 1 1 1 0
wall save krha hu bro
 false fekt aahe ithe -> ~q Need
returning : 1
returning : 1
7 9
14 13 12 11 10  9  8  7  7  8  9 10 11 12 13 14
13 12 11 10  9  8  7  6  6  7  8  9 10 11 12 13
12 11 10  9  8  7  6  5  5  6  7  8  9 10 11 12
11 10  9  8  7  6  5  4  4  5  6  7  8  9 10 11
10  9  8  7  6  5  4  3  3  4  5  6  7  8  9 10
_9  8  7  6  5  4  3  2  2  3  4  5  6  7  8  9 
_8  7  6  5  4  3  2  1  1  2  3  4  5  6  7  8
_7  6  5  4  3  2  1  0  0 1. 2  3  4  5  6  7
_7  6  9 10 11 12  1  0  0  2  2  3  4  5  6  7
_8  7  8  9 10 13  2  1  1  2  3  4  5  6  7  8 
_9 10 11 12 11 14  3  2  2  3  4  5  6  7  8  9
10 11 12 13 12 15 17 16 15 14 13 12 11 10  9 10
11 10 13 14 13 16 18 19 20 21 22 23 24 25 26 11
12 11 12 15 14 17 18 19 20 21 22 23 24 25 26 12 
13 12 13 14 15 16 17 18 19 20 21 22 23 24 25 26
14 13 12 15 16 17 18 19 20 21 22 23 24 25 26 27
possible directions to go: 1 1 1 0
wall save krha hu bro
q kde kam assign:
minValue: 2
minValue: 2
minValue: 2
minValue: 3
minValue: 3
minValue: 4
minValue: 4
minValue: 4
minValue: 3
minValue: 5
minValue: 4
minValue: 5
minValue: 5
minValue: 6
minValue: 5
minValue: 6
minValue: 6
minValue: 7
minValue: 7
minValue: 6
minValue: 7
minValue: 7
minValue: 8
minValue: 8
minValue: 7
minValue: 8
minValue: 9
minValue: 9
minValue: 8
minValue: 10
minValue: 10
minValue: 11
minValue: 12
minValue: 13
returning : 2
returning : 2
6 9
14 13 12 11 10  9  8  7  7  8  9 10 11 12 13 14
13 12 11 10  9  8  7  6  6  7  8  9 10 11 12 13
12 11 10  9  8  7  6  5  5  6  7  8  9 10 11 12
11 10  9  8  7  6  5  4  4  5  6  7  8  9 10 11
10  9  8  7  6  5  4  3  3  4  5  6  7  8  9 10 
_9  8  7  6  5  4  3  2  2  3  4  5  6  7  8  9
_8  7  6  5  4  3  2  1  1 2. 3  4  5  6  7  8
_7  6  5  4  3  2  1  0  0  3  4  5  6  7  8  9
_7  6  9 10 11 12  1  0  0  3  4  5  6  7  8  9 
_8  7  8  9 10 13  2  1  1  2  5  6  7  8  9 10
_9 10 11 12 11 14  3  2  2  3  4  5  8  9 10 11
10 11 12 13 12 15 17 16 15 14 13 12 11 10 11 12
11 10 13 14 13 16 18 19 20 21 22 23 24 25 26 13 
12 11 12 15 14 17 18 19 20 21 22 23 24 25 26 14
13 12 13 14 15 16 17 18 19 20 21 22 23 24 25 26
14 13 12 15 16 17 18 19 20 21 22 23 24 25 26 27
possible directions to go: 0 1 0 1
wall save krha hu bro
wall save krha hu bro
 false fekt aahe ithe -> ~q Need
returning : 1
returning : 1
6 8
14 13 12 11 10  9  8  7  7  8  9 10 11 12 13 14
13 12 11 10  9  8  7  6  6  7  8  9 10 11 12 13
12 11 10  9  8  7  6  5  5  6  7  8  9 10 11 12
11 10  9  8  7  6  5  4  4  5  6  7  8  9 10 11 
10  9  8  7  6  5  4  3  3  4  5  6  7  8  9 10
_9  8  7  6  5  4  3  2  2  3  4  5  6  7  8  9
_8  7  6  5  4  3  2  1 1. 2  3  4  5  6  7  8
_7  6  5  4  3  2  1  0  0  3  4  5  6  7  8  9
_7  6  9 10 11 12  1  0  0  3  4  5  6  7  8  9 
_8  7  8  9 10 13  2  1  1  2  5  6  7  8  9 10
_9 10 11 12 11 14  3  2  2  3  4  5  8  9 10 11
10 11 12 13 12 15 17 16 15 14 13 12 11 10 11 12
11 10 13 14 13 16 18 19 20 21 22 23 24 25 26 13 
12 11 12 15 14 17 18 19 20 21 22 23 24 25 26 14
13 12 13 14 15 16 17 18 19 20 21 22 23 24 25 26
14 13 12 15 16 17 18 19 20 21 22 23 24 25 26 27
possible directions to go: 0 1 1 0
wall save krha hu bro
wall save krha hu bro
 false fekt aahe ithe -> ~q Need
returning : 0
mi itthe alo hoto
7 8
14 13 12 11 10  9  8  7  7  8  9 10 11 12 13 14
13 12 11 10  9  8  7  6  6  7  8  9 10 11 12 13
12 11 10  9  8  7  6  5  5  6  7  8  9 10 11 12
11 10  9  8  7  6  5  4  4  5  6  7  8  9 10 11
10  9  8  7  6  5  4  3  3  4  5  6  7  8  9 10
_9  8  7  6  5  4  3  2  2  3  4  5  6  7  8  9
_8  7  6  5  4  3  2  1  1  2  3  4  5  6  7  8
_7  6  5  4  3  2  1  0 0. 3  4  5  6  7  8  9
_7  6  9 10 11 12  1  0  0  3  4  5  6  7  8  9
_8  7  8  9 10 13  2  1  1  2  5  6  7  8  9 10
_9 10 11 12 11 14  3  2  2  3  4  5  8  9 10 11
10 11 12 13 12 15 17 16 15 14 13 12 11 10 11 12
11 10 13 14 13 16 18 19 20 21 22 23 24 25 26 13
12 11 12 15 14 17 18 19 20 21 22 23 24 25 26 14
13 12 13 14 15 16 17 18 19 20 21 22 23 24 25 26
14 13 12 15 16 17 18 19 20 21 22 23 24 25 26 27
possible directions to go:
