00000000000000000000000000
01111111111111111111111100
01000000000000000000000100
01001111000000000011100100
01001001000000000010100100
01001001011110000010100100
01001001010010111010100100
01001001010010101010100100
01001001010010101010100100
01001001010010101010100100
01001001010010101010100100
01001001010010101010100100
01001001010010101010100100
01001001010010101010100100
01001001010110101010100100
01001001110100101010100100
01001000000111101010100100
01111000000000001110111100
00000000000000000000000000