00000000000000000000000000
01111111111100000000001111
01000000000101110111101001
01000000000101010100101001
01000011111101010100101001
01000010000001010100101001
01000010111001010100101001
01000010101001010100111001 
01000010101001010100000001
01111110111001011100000101
00000000000001000000000001
00111111111111001001110001
00100000000000000001010001
00100000001111000001010001
00100011111001000001010001
00100010000001011101010001
00100010000001010101011111
00111110000001010111000000
00000000000001110000000000